800081556525300000
800227072679800000
801439600094200000
801439600147500000
800870318000700000
800338300225000000
800870360003100000
802904411054600000
800313011711400000
800313014582700000
800300782087100000
805960684011600000
800871400508500000
801088300146100000
800093515905900000
803281724031900000
800512100060300000
800938513205600000
800259004341400000
800259007145500000
807680951485900000
807680958148600000
80024897     00000
800775001934600000
800291004169400000
800811000210700000
80696049     00000
802122831005600000
801124212008300000
800911301501900000
800338300430800000
800013300091700000
805573109141600000
800000520265400000
800789000804000000
805960684014700000
80737025     00000
800063515653200000
800050026916900000
800958001298600000
80677147     00000
80717676     00000
801339914527800000
800344012028600000
807680958439500000
800300036021300000
80051220     00000
800150500188400000
800871400048600000
800219000180700000
800227079680700000
800227076680000000
802014180000200001
800227020676400000
800227011676600000
800227028655100000
801339914532200000
80939139     00000
800416066030400001
807680958503300000
800050022784800000
800444502947500000
807680958131800000
801460102874700000
800051055163600000
800871400086800000
800871400089900000
803291946552800000
80852773     00000
800871400072100000
800871400073800000
800313014359500000
800871400121600000
800059022115300000
800059021106200000
800044017950400000
800344012206800000
800427000134900000
807680954554900000
807680958136300000
807680952832000000
807680954647800000
800908610100900000
807680952702600000
800615020014900000
800561300006700000
807680957375700000
800313033885400000
800871400279400000
807680953908100000
807680953769800000
807680953888600000
807680956948400000
807680957148700000
800675500401200000
800344013682900000
807680957514000000
800300001281500000
80461692     00000
80083528     00000
80083535     00000
80186885     00000
80724353     00000
80461685     00000
80629610     00000
800603002001000000
871120033804700000
80640950     00000
800162002407200000
807680952524400000
807680954062900000
800158500104000000
800403084001000000
400926700006400000
807680958306000000
800890006033100000
800172064570200000
800344013681200000
800005002648900000
800932002679200000
807680957044200000
80791539     00000
800144012431000000
803291946504700000
800144011417500000
800144011416800000
800144011415100000
871410075573000000
800565000500100000
800871400680800000
800991500871400000
800869800350300000
807680954547100000
800221013180400000
807680958069400000
807680954545700000
807680954544000000
807680954546400000
807680956945300000
801184571405400000
801184571805200000
80050865     00000
800604000048400000
807680957727400000
800259004841900000
800050041557300000
800259004314800000
800259030802500000
807680957936000000
800259000759100000
800422504440700000
800365001290600000
800405010369000000
800300001180100000
800300001551900000
800300040070400000
800206011025700000
800300036080000000
800000300052800000
800003601624400000
801221700653100000
800166571998800000
800419040001700000
800654098777300000
807680957962900000
800150000837600000
803360975082500000
800104041585600000
801460103610000000
800206011011000000
800111300045300000
800341031108900000
800218301283400000
800172043604100000
800300782097000000
800300782086400000
800300781663800000
800300782120500000
800300781660700000
801339914265900000
801339914260400000
800247003004600000
800050039026900000
800172064860400000
541314941580500000
800349551040700000
872018129839400000
800338300432200000
800349510053000000
807680954335400000
800227081679600000
477019037186500000
800106001075800000
80273677     00000
800244887013100000
541314941607900000
801519452626900000
800148002036800000
800148072134000000
871716374781000000
800148071934700001
800148071930900000
800351000057900000
807680952300400000
800090377082800000
800615000191300000
801335550123000000
800118602441700000
871132759137000000
871132754451200000
800119010407500000
871132754135100000
871132753848100000
800050038780100000
800554600221300000
800645001211400000
800193522140100000
800193536140400000
800226700654400000
800300740003500000
800226700640700000
800226700643800000
80846178     00000
800223034047700000
800351002902000000
800834320048600000
800449975001100000
800027070683300000
800027070684000000
800834320050900000
800834320028800000
800834320013400000
800834320003500000
800128003076500000
800221013162000000
800584002060900000
800158500110100000
800584000504000000
800233301006200000
500020467090500000
800759006012600000
807680950831500000
807680035614400000
807680279501900000
807680035514700000
801126200020400000
807680035613700000
807680951334000000
807680905878000000
807680951647100000
807680954755000000
807680035608300000
807680035610600000
800584000444900000
871132754438300000
807680951338800000
807680951345600000
807680951332600000
807680952522000000
805701822626900000
805701822514900000
807680951344900000
807680951339500000
807680952153600000
807680951341800000
803383772400100000
807680951509200000
803383772401800000
807680019501900000
807680951539900000
807680019513200000
807680951538200000
807680951445300000
807680951476700000
807680951477400000
807680037699900000
807680000006100000
807680953294500000
807680000009200000
807680031527100000
807680019503300000
807680031547900000
807680208549300000
807680019505700000
807680476559100000
807680952382000000
807680019507100000
807680208571400000
807680208572100000
807680208573800000
807680208585100000
801216900130100000
807680208589900000
807680208598100000
807680951861100000
800219000633800000
800300012460000000
800219000634500000
800172003102400000
807680958000700000
800172064583200000
800490577107400000
800300041010900000
800172064588700000
800172064869700000
800172001103300000
800172002103200000
800632004670600000
539153322002300000
801290107315300000
761303238349700000
800349552003100000
800670450317700000
800670450024400000
800520092653400000
800520093653300000
80107415     00000
801290107145600000
803357619182900000
800150500196900000
800150500193800000
800150500186000000
805257509013100000
801799510032700000
800052030124500000
800184001116600000
800272000186400000
800241004475100000
800241004347100000
80512134     00000
801180400088400000
800383500006300000
800897001120200000
800150500209600000
800241005050900000
800241005055400000
800219000614700000
805278953123900000
800300012751900000
800349551105300000
802884280479400000
800030023168700000
871120053560600000
871410090599900000
872018213883500000
800349510664800000
800300000361500000
800300012531700000
800300002491700000
801567302973100000
800300000031700000
800300011600100000
807680951964900000
800300011850000000
800300014740100000
800300010550000000
800300010570800000
800584000490600000
800811056142000000
800019300004900000
800300018630100000
800019300001800000
800324006165900000
800324006079900000
800324006357800000
800324006548000000
800324006070600000
80551867     00000
800932004258700000
800324006099700000
800324006139000000
800324006109300000
800324006108600000
800324006138300000
800324006472800000
800019300132900000
800324006348600000
800186025782700000
800349552006200000
800247000019300000
800247002806700000
801184500018800000
800563900021800000
800247000047600000
400729900952900001
800300050510200000
802413300610600000
800001300534600000
801733105324900000
800214005011400000
800166012675000000
800043003010500000
801519452293300000
800118600260600000
800043003018100000
800332500060300000
800190026105000000
800332500010800000
807680950712700000
800002000028000000
801044500347600000
80640967     00000
800032007001300000
800032099003800000
800032036361000000
800032001002600000
800032001011800000
800032001008800000
800032001009500000
800415010031500000
800415010032200000
871084795964600000
800128003827300000
800309540190700000
800144011904000000
800162001240600000
801519451352800000
800144012131900000
500011255624700000
805719200270300000
807680957857800000
800259000758400000
800050031042700000
800162001245100000
800000503101800000
800084506545700000
800084506544000000
800778050104000000
800683700022200000
800084506581500000
800084500001400000
805719200290100000
500017443540500000
800184045006400000
800224000100900000
800629061123200001
800629061152200000
800125086176400000
800125022001100000
805334022022700000
800186087001900000
800125021915200000
800125012011300000
800125012012000000
800125012125700000
800125015203900000
800125012023600000
800125012024300000
800125012034200000
800125012041000000
800125012007600000
800125012091500000
800125012093900000
800110006702500000
800063008610000000
800063008711400000
805866410312600000
800291500203400000
800051055177300000
800110001246900000
800060504028100000
800060504169100000
800060533038200000
800060524173200000
800259004534000000
801519452295700000
800226600001700000
800300781662100000
800706312103300000
800565001230600000
800041002403200000
800461011364000000
800272000185700000
800724500006400000
800012131037000000
800178011002800000
800178015003100000
800178015013000000
800178015023900000
800140501560800000
800063515602000000
800897004864200000
800128003010900000
805866413833300000
800128001246400000
800128002422100000
800128002622500000
800128002321700000
800440000107200000
800318500001000000
800050006871700000
800050007061100000
800128000170300000
80596295     00000
800050016429700000
80050643     00000
80177340     00000
80050803     00000
80177418     00000
80769996     00000
800419220220600001
80930679     00000
800050002128600000
400926700133700000
400926700308900000
807680950467600000
800050004715600000
80052760     00000
800050003371500000
800050026710300000
800050002673100000
801474311127700001
80051411     00000
800050038621700000
800050028324000000
80051732     00000
800050008458800000
800735500601700000
800050020505100000
800629031124800001
800629031253500000
800140502300900000
805108400991700000
805108400866800000
805701822522400000
800349551021600000
800670450338200000
805701822391600000
805701822496800000
805701822493700000
805701822505700000
805701822499900000
805701822467800000
800050041365400000
805701822028100000
801596200001400000
801567302981600000
800050026736300000
800162001564300000
800158501039400000
800162001563600000
801553627105500000
800027500072100000
800043005876500000
800219000144900000
800142000368000000
800043019401200000
800142000582000000
800142000581300000
800142000171600000
800142000078800000
800142000580600000
800856000655700000
800042003016000000
326184000024800000
801567303143700000
800142000278200000
805573109145400000
800511051800300000
800511051700600000
800344012207500000
800267016360500000
800344012205100000
800301200018300000
800344010890100000
800128006800300000
800162001561200000
800375390049000000
800375390052000000
800375390043800000
800111001630300000
800351000273300000
80451907     00000
800351000278800000
505456303161700000
800938513293300000
800938513291900000
280194524000500000
800938513305300000
800203011618000000
800403038155100000
800220050211900000
800220012101300000
800220010602700000
800108000995400000
871120045317700000
871716383093200000
871716383097000000
800403008800900000
800084002015400000
800083000107100000
800083000060900000
871120048566600000
800108001806200000
871120045320700000
871120048013500000
807680953898500000
800084002040600000
871410077674200000
800108000379200000
800108000382200000
800108000381500000
800108002731600000
800108002730900000
800084002013000000
800108001254100000
800584000866900000
807680951998400000
800584000521700000
871716388577200000
871120047861300000
871716388579600000
805701822478400000
800104019897100000
800159092139500000
800007003732800000
800007001656900000
800007004002100000
800007003854700000
800007001140300000
800007001266000000
800007001122900000
800007003638300000
801072199846500000
805719200041900000
805719200143000000
800258002860500000
800490577172200000
802369600637000000
800490555002000000
800645002244100000
800120520716600000
800120520711100000
800645002258800000
800044011281500000
800038010602800000
800038000725700000
800038000726400000
800038000721900000
800035000114800000
800035000112400000
871716380696800000
800068050007600000
871716380701900000
871716380694400000
802884280475600000
800351000424900000
800128006802700000
800128006803400000
800351000120000000
800351000121700000
800025099765700000
800490557061500000
800490557063900000
800490557062200000
800490557060800000
802884280481700000
800118600073200000
301193200082900000
800182000919000000
301193200080500000
376017782063000000
801652310145400000
800351001684600000
800109097210100000
800182035010000000
303371007532400000
800168512242300000
807680950031900000
807680957325200000
807680951858100000
807680953000200000
807680953182500000
807680957496900000
807680951484200000
807680951665500000
807680950735600000
807680950734900000
807680951210700000
807680951207700000
807680951208400000
807680954274600000
807680000038200000
807680951317300000
807680957287300000
807680950305100000
803316287038100000
803316287009100000
807680952970900000
803316287006000000
807680957289700000
807680950711000000
807680957151700000
807680954450400000
807680954023000000
807680950244300000
807680951689100000
807680950030200000
807680950623600000
805384817002400000
807680958297100000
807680957950600000
807680957297200000
807680957282800000
807680950710300000
807680952997600000
807680950033300000
800027001959900000
807680954754300000
807680952996900000
800104090000000000
807680951626600000
800043007031600000
800172041483400000
800123575205600000
800172041560200000
803316287034300000
800386000097700000
801460103416800000
800870300059600000
800259004331500000
800259004831000000
800259004275200000
800259000783600000
800259000784300000
800259000782900000
801396993000600000
800628700068100000
800259004274500000
801396930500200000
500020427571100000
805136900294700000
800209563200700001
800209510000100000
800025093103300000
800025093101900000
801216900104200000
80292319     00000
800166572315200000
801216900105900000
800242501856300000
800403050607700000
80475941     00000
800033000174800000
801403700188800000
801403700863400000
801403700800900000
807680958299500000
800060510250700000
80779803     00000
801403700236600000
800096100321000000
800511012001500000
800511063023100000
803383772072000000
800511017121500000
800104009340500000
800051300007000000
800144011420500000
80042549     00000
800291003374300000
800291003376700000
800051300002500000
801510057835100000
800030017003000000
800055050195000000
800300019731400000
317568125065900000
800638021520300000
800638021120500000
800638022600100000
800638021525800000
800537032500700000
800186081000800000
800406002108300000
805719200040200000
805719200144700000
800862700003000001
801335550058500000
801293000002100000
801293000003800000
800300001681300000
800206010355600000
800300038220800000
800300036270500000
800206011009700000
800834320117900000
800258027090500000
800313014394600000
800258000496800000
800035000749200000
807680956835700000
800035000791100000
800219000648200000
802904411055300000
800035000797300000
800035000793500000
800035000792800000
801335550161200000
800258001782100000
800258000416600000
800013048241900000
800258001596400000
800000520253100000
807680958399200000
807680958038000000
807680958222300000
800882501253800000
800313014661900000
800313014226000000
800638021320900000
801335599967900000
801335550068400000
810009000029300000
801335550150600000
807680954275300000
807680958121900000
801335500052800000
801335550015800000
801335500029000000
801335550153700000
801335599950100000
801335599841200000
80227700     00000
80522553     00000
80227816     00000
800834320066000000
80227779     00000
80227915     00000
800030035176700000
800344010136000000
800615000133300000
800030005378400000
800030005038700000
800615020012500000
800030038906700000
800030032465500000
800006036652000000
800219000682600000
800104042089800000
800104001235200000
800104003038700000
800104002514700000
800104042171000000
800104042116100000
800104042118500000
800104042091100000
800104000970300000
800897000561400000
800104001265900000
800104001700500000
800104041842000000
800104042117800000
80228486     00000
800101000922100000
80228417     00000
800104041834500000
80106890     00000
800101000901600000
800131007428800000
80522621     00000
80228035     00000
800415010034600000
800415010033900000
800015582200900000
80444916     00000
800584010408800000
800584000410400000
801047900010600001
800935040169900000
80075882     00000
800935040001200000
807680958249000000
800655030104000000
800166572308400000
800166512575800000
800166571125800000
800166512460700000
800166511246800000
800349551109100000
800166572001400000
800166511460800000
800166511459200000
800166512659500000
800403065600000000
800227061689100000
800403035241400000
800403035261200000
800403062011700000
800403035251300000
800403035802700000
800403029210900000
800403012053200000
800403029110200000
800403035311400000
800241003015000000
80018742     00000
800349003370300000
800241003535300000
357466005770600000
800924377080000001
900249010007000000
802436700814300000
800349004463100000
800106000162600000
800106000447400000
800106000148000000
80629504     00000
800106000286900000
80629580     00000
800009060020500000
805532019017900000
762230076735800000
810009000659200000
807680958280300000
807680956830200000
762230076730300000
800629080200500001
800144013531600000
800258004017100000
871132755527300000
800050040773800000
800420503003100000
800330041406700000
800330041405000000
800344010006600000
800089500676900000
800539000499900000
800539000497500000
800055043327500000
800030012632700000
80007814     00001
800162010101800000
80007876     00001
500011266141500000
800162001271000001
800162001274100000
800162020302600000
80008446     00000
80008354     00000
80007760     00000
800162001840800000
90435874     00000
800162001950400000
80007883     00000
80008101     00000
80165484     00000
800162000082300000
800162000148600000
80165491     00000
800162001279600000
800162000149300000
800313033279100000
800834388003900000
800259006507200000
800313014007500000
800313060754700000
800313011352900000
800313014497400000
800313014496700000
800186025781000000
800186087004000000
800341034410000000
800220010123700000
800341031117100000
807680957766300000
800213650050000000
800107042014100000
800107042009700000
800159094861300000
800107000007700000
800034090863100000
800034087613800000
800144013092200000
805719200358800000
800144011421200000
800393011111400000
800291002219800000
800291004193900000
800148002038200000
800227084679300000
800227086679100000
800227073680300000
800227082680100000
800227075679500000
800227002792500000
800419005282700000
800227087679000000
800227070680600000
80067658     00000
800419005329900000
800419005104200000
800838000173200000
800419005301500000
800461010206400000
803257358040700000
800419005396100000
800227003390200000
800313014098300000
803257358042100000
803257358066700000
800834388066400000
800227007678700000
803291946501600000
805719200531500000
800081010195100000
800081010199900000
800081010196800000
800081010172200000
800775008503700000
800775008650800000
800775008950900000
800005050670700000
800005001458500000
800005000940600000
800005000700600000
800005002075300000
800005000590300000
800675524004500000
800313013789100000
800675500205600000
800005002623600000
317568125067300000
800005010900700000
800005050630100000
800005083340700000
800005083400800000
800005083420600000
800108002487200000
800013300227000000
800005001342700000
800008000432700000
800030012634100000
800008000430300000
762230056230400000
872018138987000000
800561304019300000
80024101     00000
80024040     00000
800664314355700000
800469095004300000
80042518     00000
800664314348900000
800433800189200000
80039990     00000
800000535041600000
801290107144900000
800000503290900000
800128000041600000
800849000002100001
800849099101500000
800144011840100000
800144000220500000
805156631186600000
800116000050500000
800233510303800000
800219000341200000
800219000339900000
800915007281500000
800924500103400001
800520001027100001
800233510706700000
800365000342300000
800035000794200000
800365000357700000
800035000008000000
802940400523900000
800035000033200000
800035000046200000
800035000002800000
800344010792800000
807680950475100000
800344010768300000
800882501594200000
807681050054400000
807681050047600000
807681050046900000
807681050040700000
807681047152300000
807681050073500000
807680957301600000
800006010024700000
801290107311500000
800144011239300000
800144011238600000
800144011236200000
800258000494400000
800144011235500000
805573109143000000
801216900101100000
803257358056800000
800805230124500000
803260521100200000
800034042212000000
80298335     00000
80298342     00000
800034087615200000
800050035734700000
800219000191300000
800110007055100000
800961000101000000
800105000950200001
800013300016000000
800247003001500000
800027001980300000
800027001957500000
800896013612000000
805701822256800000
803274583018700000
800241003500100000
800603000801800000
800300001410900000
800670490035800000
800144013093900000
807680952432200000
807680954480100000
800172044535700000
800172044536400000
803266506049700000
800083000058600000
801403700862700000
801403700860300000
800158500609000000
800172064581800000
800050039122800000
807680958401200000
800104008965100000
807680952383700000
807680952384400000
800158500107100000
800349501299400000
800051055272500000
800515500103400000
800044037493000000
800166572313800000
807680957553900000
807680957551500000
807680957552200000
801021000106500000
807681050043800000
807681079199700000
800415010091900000
800125012136300000
800834320085100000
800469005142900000
800469005157300000
800324006019500000
800512105208400000
800219000607900000
800512100014600000
800512100017700000
800035000628000000
800512100022100000
800512100027600000
800512100010800000
800512100056600000
800512100040500000
800512100008500000
800512100061000000
800512100063400000
800150500208900000
800125001652200000
800241005111700000
872018209781100000
872018140492400000
80083399     00000
800300018660800000
801510057644900000
805719200153900000
800300731008200000
800403001000000000
800403024015500000
800536000011200000
807680031509700000
800897001114100000
800664314356400000
800349510466800000
800273400015000000
800427507710300000
807680954254800000
800001500369200000
800144011237900000
800360000985700000
800162020202900000
800227006677100000
802014121500400000
800105076658000000
80069379     00000
800872008101100000
841367500070100000
800603000241200000
500011250294700000
803291946511500000
803291946546700000
803291946513900000
800223515157300000
802106660370900000
80417293     00000
801289900336100000
80446200     00000
80083771     00000
800178015113700000
800221300052700000
871478977106900000
800219000151700000
800219000642000000
800219000677200000
801709000030000000
800107000005300000
800324076141200000
807680953289100000
800324006468100000
800192345011000000
801460101245600000
800258001948100000
800104010148300000
800882500113600000
800724540171700000
590085202193000000
801761912325100000
80453000     00000
800259007533000000
800148071942200000
801396900010500000
800131006407400000
800301200006000000
800140506816100000
800128007067900000
800050023987200000
800227009677800000
80644064     00000
800030037815300000
800128000038600000
800406002650700000
800365001010000000
800924500105800000
871256143710300000
800000503295400000
800038000724000000
80008088     00000
800162000533000000
800162000535400000
800935040787500000
590085202182400000
800005053310900000
800050031039700000
800349003265200000
800258001017400000
801761923783500000
590085202183100000
590085202178700000
800168512386400000
800052031012400000
590085202154100000
800005057740000000
872018142973600000
801553651105200000
800349553442700000
544900002242400000
800111308004200000
800622727094500000
800360001257400000
800221300080000000
80674016     00000
802273400010300000
807680951796600000
807680953672100000
800247700101800000
800247720003900000
80310891     00000
800300001261700000
807680031526400000
800871400163600000
807680950472000000
801335550136000000
800629080514300001
800511017034800000
800467322010100000
800351000423200000
800779004101700000
800341024808800000
800603000121700000
800603006001600000
800603006061000000
800911301498200000
800007003625300000
805701822608500000
871132754102300000
800060502026900000
802904410213800000
805930036000200000
800050038782500000
871132757353600000
801335599870200000
807680957045900000
800162000386200000
801660800341300000
800762000553000000
800762000552300000
800259006694900000
800254001118000000
800178015123600000
800870315601900000
800259005543100000
800259005553000000
805136900386900000
803281724810000000
800473000014100000
800050026737000000
807680031552300000
800060582038800000
800162000297100000
80866992     00000
800162001864400000
807680951406400000
800144011115000000
800227000195600001
80644057     00000
80644071     00000
807680953287700000
80298359     00000
800025099767100000
800871400277000000
800490577446400000
800349551103900000
800259004354400000
800300016880200000
802940400866700000
800035000118600000
800035000627300000
807680957850900000
800110006704900000
501132192868800000
800268050185500000
800168511416900000
800473000083700000
800004072031100000
500020435090600000
800035000747800000
800104000850800000
800724577108700000
800003600326800000
800003600094600000
800351000498000000
800403034069500000
807681050051300000
807681050052000000
800128007066200000
800873100557000000
800162030203300000
801567302733100000
800349003272000000
80051206     00000
800349003340600000
800241000518900000
800035000701000000
803310269172400000
801066400007200000
800186035502800000
800444549240800000
800672510001000000
800672510038600000
800107000001500000
800111013017700000
800335052494500000
800430010554200000
800584000443200000
800050014281300000
800005044610200000
800853007240700000
800318500442100000
800178015203500000
800084500514900000
80227809     00000
800349510028800000
800148071912500000
800291004379700000
800628700155800000
807680038700100000
800897005520600000
800099010145100000
304692002836300000
800081530320600001
805701822193600000
800349553406900000
805278953295300000
805108400911500000
805278953194900000
805136900161200000
800144000985300000
807680952253300000
800144011430400000
800603005081900000
800001300379300000
807680958120200000
800897005603600000
800209576178300000
800343016001800001
800272000418600000
800272000315800000
800272000302800000
800914961100100000
80522775     00000
500011255768800000
80948971     00000
800162002288700000
800511063021700000
800365002040600000
800352000038500000
800439500018000000
800439500114900000
801821140061000000
800349553413700000
800403028101100000
800415010038400000
800050003359300000
800259006595900000
800007002744200000
802884280483100000
800403029002000000
800168511420600000
800050038889100000
807680952703300000
807680953116000000
807680957549200000
807680953085900000
800007001223300000
800349510944100000
800724577096700000
807680953084200000
800724577032500000
800724577125400000
800128000072000000
807680954200500000
807680957746500000
807680208591200000
800403038149000000
807680208553000000
807680208584400000
871160056967600000
807680951730000000